1036671342361190410
1037033275899781230
1037397736686882846
1037758428984123452
1038120439253303307
1038482827353800755
1038845215294881862
1039207624471748618
1039569990921236481
1039932378870710362
1040294766740516895
1040657154643873882
1041019542362652772
1041381930442178680
1041744318244855868
1042106706001408040
1042469093657280525
1042831481736802344
1043193869602406410
1043703564943507537
1043918644998049834
1044281033358585996
1044643421375176775
1045005808951377981
1045368196733091881
1045730584913248306
1046092972531404832
1046455360501854218
1046817748623302707
1047180136165937222
